 SVX cage parameters:
   2.2000000    
  0.50000000      0.20000000    
   0.0000000    
           6
  -40.000000      -26.500000      -26.500000       26.500000       26.500000       40.000000    
   53.000000       53.000000       22.000000       22.000000       53.000000       53.000000    
   0.0000000       0.0000000       0.0000000    
 SVX barrel parameters:
           4
   2.6300001       5.1300001       11.765000       16.687000       1.2140000    
   0.0000000       0.0000000       0.0000000       0.0000000    
           4           4           5           6
  0.69599998      0.69599998       1.7450000       1.7450000    
  9.99999978E-03  9.99999978E-03  3.12500000E-02  3.12500000E-02
   2.8360000       2.8360000       3.1877000       3.1877000    
  1.89999994E-02  1.89999994E-02   0.0000000       0.0000000    
  1.99999996E-02  1.99999996E-02   0.0000000       0.0000000    
   26.700001       13.600000       17.000000       12.000000    
  -13.000000      -13.020000       0.0000000       0.0000000    
           2
           5           5
   0.0000000       180.00000    
           2
          10          10
   0.0000000       180.00000    
           2
           8           8
   0.0000000       180.00000    
           2
          12          12
   0.0000000       180.00000    
 SVX barrel sensor rotation matrices and translation vectors
           0           1           1           1
   1.5680597      -2.1114242       8.5380001    
  0.64716715      0.76234806     -2.10646533E-07
 -0.76234812      0.64716721     -7.73533415E-08
   0.0000000       0.0000000      1.00000000    
           0           1           1           2
   1.5680597      -2.1114242       2.8460002    
  0.64716715      0.76234806     -2.10646533E-07
 -0.76234812      0.64716721     -7.73533415E-08
   0.0000000       0.0000000      1.00000000    
           0           1           1           3
   1.5680597      -2.1114242      -2.8459997    
  0.64716715      0.76234806     -2.10646533E-07
 -0.76234812      0.64716721     -7.73533415E-08
   0.0000000       0.0000000      1.00000000    
           0           1           1           4
   1.5680597      -2.1114242      -8.5380001    
  0.64716715      0.76234806     -2.10646533E-07
 -0.76234812      0.64716721     -7.73533415E-08
   0.0000000       0.0000000      1.00000000    
           0           1           2           1
   2.3495626      -1.1817272       8.5380001    
  0.23562308      0.97184449     -1.92982952E-07
 -0.97184449      0.23562320     -2.30602666E-08
   0.0000000       0.0000000      1.00000000    
           0           1           2           2
   2.3495626      -1.1817272       2.8460002    
  0.23562308      0.97184449     -1.92982952E-07
 -0.97184449      0.23562320     -2.30602666E-08
   0.0000000       0.0000000      1.00000000    
           0           1           2           3
   2.3495626      -1.1817272      -2.8459997    
  0.23562308      0.97184449     -1.92982952E-07
 -0.97184449      0.23562320     -2.30602666E-08
   0.0000000       0.0000000      1.00000000    
           0           1           2           4
   2.3495626      -1.1817272      -8.5380001    
  0.23562308      0.97184449     -1.92982952E-07
 -0.97184449      0.23562320     -2.30602666E-08
   0.0000000       0.0000000      1.00000000    
           0           1           3           1
   2.6300042     -1.81046780E-05   8.5380001    
 -0.22616932      0.97408801     -1.52807914E-07
 -0.97408795     -0.22616942      1.75070625E-08
   0.0000000       0.0000000      1.00000000    
           0           1           3           2
   2.6300042     -1.81046780E-05   2.8460000    
 -0.22616932      0.97408801     -1.52807914E-07
 -0.97408795     -0.22616942      1.75070625E-08
   0.0000000       0.0000000      1.00000000    
           0           1           3           3
   2.6300042     -1.81046780E-05  -2.8460000    
 -0.22616932      0.97408801     -1.52807914E-07
 -0.97408795     -0.22616942      1.75070625E-08
   0.0000000       0.0000000      1.00000000    
           0           1           3           4
   2.6300042     -1.81046780E-05  -8.5380001    
 -0.22616932      0.97408801     -1.52807914E-07
 -0.97408795     -0.22616942      1.75070625E-08
   0.0000000       0.0000000      1.00000000    
           0           1           4           1
   2.3495789       1.1816947       8.5380001    
 -0.63972944      0.76860023     -9.86890285E-08
 -0.76860023     -0.63972938      3.56973118E-08
   0.0000000       0.0000000      1.00000000    
           0           1           4           2
   2.3495789       1.1816947       2.8460000    
 -0.63972944      0.76860023     -9.86890285E-08
 -0.76860023     -0.63972938      3.56973118E-08
   0.0000000       0.0000000      1.00000000    
           0           1           4           3
   2.3495789       1.1816947      -2.8460000    
 -0.63972944      0.76860023     -9.86890285E-08
 -0.76860023     -0.63972938      3.56973118E-08
   0.0000000       0.0000000      1.00000000    
           0           1           4           4
   2.3495789       1.1816947      -8.5380001    
 -0.63972944      0.76860023     -9.86890285E-08
 -0.76860023     -0.63972938      3.56973118E-08
   0.0000000       0.0000000      1.00000000    
           0           1           5           1
   1.5680883       2.1114028       8.5380001    
 -0.91686267      0.39920285     -4.21675210E-08
 -0.39920267     -0.91686267      2.76313159E-08
   0.0000000       0.0000000      1.00000000    
           0           1           5           2
   1.5680883       2.1114028       2.8460000    
 -0.91686267      0.39920285     -4.21675210E-08
 -0.39920267     -0.91686267      2.76313159E-08
   0.0000000       0.0000000      1.00000000    
           0           1           5           3
   1.5680883       2.1114028      -2.8460000    
 -0.91686267      0.39920285     -4.21675210E-08
 -0.39920267     -0.91686267      2.76313159E-08
   0.0000000       0.0000000      1.00000000    
           0           1           5           4
   1.5680883       2.1114028      -8.5380001    
 -0.91686267      0.39920285     -4.21675210E-08
 -0.39920267     -0.91686267      2.76313159E-08
   0.0000000       0.0000000      1.00000000    
           0           1           6           1
  -1.5680895       2.1114028      -8.5380001    
  0.91686261      0.39920279     -1.15054100E-07
  0.39920288     -0.91686267      4.52552698E-08
 -8.74227766E-08   0.0000000     -1.00000000    
           0           1           6           2
  -1.5680889       2.1114028      -2.8460002    
  0.91686261      0.39920279     -1.15054100E-07
  0.39920288     -0.91686267      4.52552698E-08
 -8.74227766E-08   0.0000000     -1.00000000    
           0           1           6           3
  -1.5680884       2.1114028       2.8459997    
  0.91686261      0.39920279     -1.15054100E-07
  0.39920288     -0.91686267      4.52552698E-08
 -8.74227766E-08   0.0000000     -1.00000000    
           0           1           6           4
  -1.5680879       2.1114028       8.5380001    
  0.91686261      0.39920279     -1.15054100E-07
  0.39920288     -0.91686267      4.52552698E-08
 -8.74227766E-08   0.0000000     -1.00000000    
           0           1           7           1
  -2.3495796       1.1816947      -8.5380001    
  0.63972944      0.76860011     -1.23120088E-07
  0.76860017     -0.63972956     -1.12662200E-08
 -8.74227766E-08   0.0000000     -1.00000000    
           0           1           7           2
  -2.3495791       1.1816947      -2.8460002    
  0.63972944      0.76860011     -1.23120088E-07
  0.76860017     -0.63972956     -1.12662200E-08
 -8.74227766E-08   0.0000000     -1.00000000    
           0           1           7           3
  -2.3495786       1.1816947       2.8459997    
  0.63972944      0.76860011     -1.23120088E-07
  0.76860017     -0.63972956     -1.12662200E-08
 -8.74227766E-08   0.0000000     -1.00000000    
           0           1           7           4
  -2.3495781       1.1816947       8.5380001    
  0.63972944      0.76860011     -1.23120088E-07
  0.76860017     -0.63972956     -1.12662200E-08
 -8.74227766E-08   0.0000000     -1.00000000    
           0           1           8           1
  -2.6300051     -1.81791838E-05  -8.5380001    
  0.22616935      0.97408795     -1.04929832E-07
  0.97408795     -0.22616950     -6.53851089E-08
 -8.74227766E-08   0.0000000     -1.00000000    
           0           1           8           2
  -2.6300044     -1.81791838E-05  -2.8460000    
  0.22616935      0.97408795     -1.04929832E-07
  0.97408795     -0.22616950     -6.53851089E-08
 -8.74227766E-08   0.0000000     -1.00000000    
           0           1           8           3
  -2.6300039     -1.81791838E-05   2.8460000    
  0.22616935      0.97408795     -1.04929832E-07
  0.97408795     -0.22616950     -6.53851089E-08
 -8.74227766E-08   0.0000000     -1.00000000    
           0           1           8           4
  -2.6300035     -1.81791838E-05   8.5380001    
  0.22616935      0.97408795     -1.04929832E-07
  0.97408795     -0.22616950     -6.53851089E-08
 -8.74227766E-08   0.0000000     -1.00000000    
           0           1           9           1
  -2.3495631      -1.1817273      -8.5380001    
 -0.23562294      0.97184455     -6.43625455E-08
  0.97184455      0.23562282     -1.05560154E-07
 -8.74227766E-08   0.0000000     -1.00000000    
           0           1           9           2
  -2.3495626      -1.1817273      -2.8460000    
 -0.23562294      0.97184455     -6.43625455E-08
  0.97184455      0.23562282     -1.05560154E-07
 -8.74227766E-08   0.0000000     -1.00000000    
           0           1           9           3
  -2.3495622      -1.1817273       2.8460000    
 -0.23562294      0.97184455     -6.43625455E-08
  0.97184455      0.23562282     -1.05560154E-07
 -8.74227766E-08   0.0000000     -1.00000000    
           0           1           9           4
  -2.3495617      -1.1817273       8.5380001    
 -0.23562294      0.97184455     -6.43625455E-08
  0.97184455      0.23562282     -1.05560154E-07
 -8.74227766E-08   0.0000000     -1.00000000    
           0           1          10           1
  -1.5680598      -2.1114244      -8.5380001    
 -0.64716703      0.76234829     -1.00694706E-08
  0.76234823      0.64716685     -1.23223714E-07
 -8.74227766E-08   0.0000000     -1.00000000    
           0           1          10           2
  -1.5680593      -2.1114244      -2.8460000    
 -0.64716703      0.76234829     -1.00694706E-08
  0.76234823      0.64716685     -1.23223714E-07
 -8.74227766E-08   0.0000000     -1.00000000    
           0           1          10           3
  -1.5680588      -2.1114244       2.8460000    
 -0.64716703      0.76234829     -1.00694706E-08
  0.76234823      0.64716685     -1.23223714E-07
 -8.74227766E-08   0.0000000     -1.00000000    
           0           1          10           4
  -1.5680584      -2.1114244       8.5380001    
 -0.64716703      0.76234829     -1.00694706E-08
  0.76234823      0.64716685     -1.23223714E-07
 -8.74227766E-08   0.0000000     -1.00000000    
           0           2           1           1
   2.4713898      -4.4954600       8.5380001    
  0.74481404      0.66727203     -2.10871264E-07
 -0.66727227      0.74481398     -9.42016953E-08
   0.0000000       0.0000000      1.00000000    
           0           2           1           2
   2.4713898      -4.4954600       2.8460004    
  0.74481404      0.66727203     -2.10871264E-07
 -0.66727227      0.74481398     -9.42016953E-08
   0.0000000       0.0000000      1.00000000    
           0           2           1           3
   2.4713898      -4.4954600      -2.8459995    
  0.74481404      0.66727203     -2.10871264E-07
 -0.66727227      0.74481398     -9.42016953E-08
   0.0000000       0.0000000      1.00000000    
           0           2           1           4
   2.4713898      -4.4954600      -8.5380001    
  0.74481404      0.66727203     -2.10871264E-07
 -0.66727227      0.74481398     -9.42016953E-08
   0.0000000       0.0000000      1.00000000    
           0           2           2           1
   3.4591663      -3.7882838       8.5380001    
  0.56702608      0.82369977     -2.09003900E-07
 -0.82369965      0.56702632     -6.49836878E-08
   0.0000000       0.0000000      1.00000000    
           0           2           2           2
   3.4591663      -3.7882838       2.8460002    
  0.56702608      0.82369977     -2.09003900E-07
 -0.82369965      0.56702632     -6.49836878E-08
   0.0000000       0.0000000      1.00000000    
           0           2           2           3
   3.4591663      -3.7882838      -2.8459997    
  0.56702608      0.82369977     -2.09003900E-07
 -0.82369965      0.56702632     -6.49836878E-08
   0.0000000       0.0000000      1.00000000    
           0           2           2           4
   3.4591663      -3.7882838      -8.5380001    
  0.56702608      0.82369977     -2.09003900E-07
 -0.82369965      0.56702632     -6.49836878E-08
   0.0000000       0.0000000      1.00000000    
           0           2           3           1
   4.2529602      -2.8686688       8.5380001    
  0.35744071      0.93393582     -2.00318510E-07
 -0.93393582      0.35744083     -3.70239839E-08
   0.0000000       0.0000000      1.00000000    
           0           2           3           2
   4.2529602      -2.8686688       2.8460000    
  0.35744071      0.93393582     -2.00318510E-07
 -0.93393582      0.35744083     -3.70239839E-08
   0.0000000       0.0000000      1.00000000    
           0           2           3           3
   4.2529602      -2.8686688      -2.8460000    
  0.35744071      0.93393582     -2.00318510E-07
 -0.93393582      0.35744083     -3.70239839E-08
   0.0000000       0.0000000      1.00000000    
           0           2           3           4
   4.2529602      -2.8686688      -8.5380001    
  0.35744071      0.93393582     -2.00318510E-07
 -0.93393582      0.35744083     -3.70239839E-08
   0.0000000       0.0000000      1.00000000    
           0           2           4           1
   4.8082557      -1.7881842       8.5380001    
  0.12781079      0.99179858     -1.85302156E-07
 -0.99179852      0.12781091     -1.18905774E-08
   0.0000000       0.0000000      1.00000000    
           0           2           4           2
   4.8082557      -1.7881842       2.8460000    
  0.12781079      0.99179858     -1.85302156E-07
 -0.99179852      0.12781091     -1.18905774E-08
   0.0000000       0.0000000      1.00000000    
           0           2           4           3
   4.8082557      -1.7881842      -2.8460000    
  0.12781079      0.99179858     -1.85302156E-07
 -0.99179852      0.12781091     -1.18905774E-08
   0.0000000       0.0000000      1.00000000    
           0           2           4           4
   4.8082557      -1.7881842      -8.5380001    
  0.12781079      0.99179858     -1.85302156E-07
 -0.99179852      0.12781091     -1.18905774E-08
   0.0000000       0.0000000      1.00000000    
           0           2           5           1
   5.0939145     -0.60742193       8.5380001    
 -0.10898650      0.99404323     -1.64796916E-07
 -0.99404323     -0.10898662      9.00715591E-09
   0.0000000       0.0000000      1.00000000    
           0           2           5           2
   5.0939145     -0.60742193       2.8459997    
 -0.10898650      0.99404323     -1.64796916E-07
 -0.99404323     -0.10898662      9.00715591E-09
   0.0000000       0.0000000      1.00000000    
           0           2           5           3
   5.0939145     -0.60742193      -2.8460002    
 -0.10898650      0.99404323     -1.64796916E-07
 -0.99404323     -0.10898662      9.00715591E-09
   0.0000000       0.0000000      1.00000000    
           0           2           5           4
   5.0939145     -0.60742193      -8.5380001    
 -0.10898650      0.99404323     -1.64796916E-07
 -0.99404323     -0.10898662      9.00715591E-09
   0.0000000       0.0000000      1.00000000    
           0           2           6           1
   5.0939164      0.60740334       8.5379992    
 -0.33967161      0.94054413     -1.39952732E-07
 -0.94054407     -0.33967170      2.44972398E-08
   0.0000000       0.0000000      1.00000000    
           0           2           6           2
   5.0939164      0.60740334       2.8459997    
 -0.33967161      0.94054413     -1.39952732E-07
 -0.94054407     -0.33967170      2.44972398E-08
   0.0000000       0.0000000      1.00000000    
           0           2           6           3
   5.0939164      0.60740334      -2.8460002    
 -0.33967161      0.94054413     -1.39952732E-07
 -0.94054407     -0.33967170      2.44972398E-08
   0.0000000       0.0000000      1.00000000    
           0           2           6           4
   5.0939164      0.60740334      -8.5380011    
 -0.33967161      0.94054413     -1.39952732E-07
 -0.94054407     -0.33967170      2.44972398E-08
   0.0000000       0.0000000      1.00000000    
           0           2           7           1
   4.8082619       1.7881669       8.5379992    
 -0.55130947      0.83430088     -1.12162674E-07
 -0.83430088     -0.55130941      3.37111175E-08
   0.0000000       0.0000000      1.00000000    
           0           2           7           2
   4.8082619       1.7881669       2.8459997    
 -0.55130947      0.83430088     -1.12162674E-07
 -0.83430088     -0.55130941      3.37111175E-08
   0.0000000       0.0000000      1.00000000    
           0           2           7           3
   4.8082619       1.7881669      -2.8460002    
 -0.55130947      0.83430088     -1.12162674E-07
 -0.83430088     -0.55130941      3.37111175E-08
   0.0000000       0.0000000      1.00000000    
           0           2           7           4
   4.8082619       1.7881669      -8.5380011    
 -0.55130947      0.83430088     -1.12162674E-07
 -0.83430088     -0.55130941      3.37111175E-08
   0.0000000       0.0000000      1.00000000    
           0           2           8           1
   4.2529697       2.8686533       8.5379992    
 -0.73203057      0.68127185     -8.29853093E-08
 -0.68127179     -0.73203045      3.61320360E-08
   0.0000000       0.0000000      1.00000000    
           0           2           8           2
   4.2529697       2.8686533       2.8459995    
 -0.73203057      0.68127185     -8.29853093E-08
 -0.68127179     -0.73203045      3.61320360E-08
   0.0000000       0.0000000      1.00000000    
           0           2           8           3
   4.2529697       2.8686533      -2.8460004    
 -0.73203057      0.68127185     -8.29853093E-08
 -0.68127179     -0.73203045      3.61320360E-08
   0.0000000       0.0000000      1.00000000    
           0           2           8           4
   4.2529697       2.8686533      -8.5380011    
 -0.73203057      0.68127185     -8.29853093E-08
 -0.68127179     -0.73203045      3.61320360E-08
   0.0000000       0.0000000      1.00000000    
           0           2           9           1
   3.4591794       3.7882712       8.5379992    
 -0.87170070      0.49003872     -5.40568337E-08
 -0.49003866     -0.87170064      3.16242676E-08
   0.0000000       0.0000000      1.00000000    
           0           2           9           2
   3.4591794       3.7882712       2.8459995    
 -0.87170070      0.49003872     -5.40568337E-08
 -0.49003866     -0.87170064      3.16242676E-08
   0.0000000       0.0000000      1.00000000    
           0           2           9           3
   3.4591794       3.7882712      -2.8460004    
 -0.87170070      0.49003872     -5.40568337E-08
 -0.49003866     -0.87170064      3.16242676E-08
   0.0000000       0.0000000      1.00000000    
           0           2           9           4
   3.4591794       3.7882712      -8.5380011    
 -0.87170070      0.49003872     -5.40568337E-08
 -0.49003866     -0.87170064      3.16242676E-08
   0.0000000       0.0000000      1.00000000    
           0           2          10           1
   2.4714048       4.4954510       8.5379992    
 -0.96248788      0.27132475     -2.69993734E-08
 -0.27132472     -0.96248782      2.04405524E-08
   0.0000000       0.0000000      1.00000000    
           0           2          10           2
   2.4714048       4.4954510       2.8459995    
 -0.96248788      0.27132475     -2.69993734E-08
 -0.27132472     -0.96248782      2.04405524E-08
   0.0000000       0.0000000      1.00000000    
           0           2          10           3
   2.4714048       4.4954510      -2.8460004    
 -0.96248788      0.27132475     -2.69993734E-08
 -0.27132472     -0.96248782      2.04405524E-08
   0.0000000       0.0000000      1.00000000    
           0           2          10           4
   2.4714048       4.4954510      -8.5380011    
 -0.96248788      0.27132475     -2.69993734E-08
 -0.27132472     -0.96248782      2.04405524E-08
   0.0000000       0.0000000      1.00000000    
           0           2          11           1
  -2.4714065       4.4954510      -8.5380001    
  0.96248782      0.27132484     -1.07863322E-07
  0.27132493     -0.96248782      6.04233890E-08
 -8.74227766E-08   0.0000000     -1.00000000    
           0           2          11           2
  -2.4714060       4.4954510      -2.8460004    
  0.96248782      0.27132484     -1.07863322E-07
  0.27132493     -0.96248782      6.04233890E-08
 -8.74227766E-08   0.0000000     -1.00000000    
           0           2          11           3
  -2.4714055       4.4954510       2.8459995    
  0.96248782      0.27132484     -1.07863322E-07
  0.27132493     -0.96248782      6.04233890E-08
 -8.74227766E-08   0.0000000     -1.00000000    
           0           2          11           4
  -2.4714050       4.4954510       8.5380001    
  0.96248782      0.27132484     -1.07863322E-07
  0.27132493     -0.96248782      6.04233890E-08
 -8.74227766E-08   0.0000000     -1.00000000    
           0           2          12           1
  -3.4591804       3.7882717      -8.5380001    
  0.87170076      0.49003848     -1.19047037E-07
  0.49003854     -0.87170082      3.33659891E-08
 -8.74227766E-08   0.0000000     -1.00000000    
           0           2          12           2
  -3.4591799       3.7882717      -2.8460002    
  0.87170076      0.49003848     -1.19047037E-07
  0.49003854     -0.87170082      3.33659891E-08
 -8.74227766E-08   0.0000000     -1.00000000    
           0           2          12           3
  -3.4591794       3.7882717       2.8459997    
  0.87170076      0.49003848     -1.19047037E-07
  0.49003854     -0.87170082      3.33659891E-08
 -8.74227766E-08   0.0000000     -1.00000000    
           0           2          12           4
  -3.4591789       3.7882717       8.5380001    
  0.87170076      0.49003848     -1.19047037E-07
  0.49003854     -0.87170082      3.33659891E-08
 -8.74227766E-08   0.0000000     -1.00000000    
           0           2          13           1
  -4.2529707       2.8686538      -8.5380001    
  0.73203039      0.68127191     -1.23554798E-07
  0.68127191     -0.73203045      4.43746018E-09
 -8.74227766E-08   0.0000000     -1.00000000    
           0           2          13           2
  -4.2529702       2.8686538      -2.8460000    
  0.73203039      0.68127191     -1.23554798E-07
  0.68127191     -0.73203045      4.43746018E-09
 -8.74227766E-08   0.0000000     -1.00000000    
           0           2          13           3
  -4.2529697       2.8686538       2.8460000    
  0.73203039      0.68127191     -1.23554798E-07
  0.68127191     -0.73203045      4.43746018E-09
 -8.74227766E-08   0.0000000     -1.00000000    
           0           2          13           4
  -4.2529693       2.8686538       8.5380001    
  0.73203039      0.68127191     -1.23554798E-07
  0.68127191     -0.73203045      4.43746018E-09
 -8.74227766E-08   0.0000000     -1.00000000    
           0           2          14           1
  -4.8082628       1.7881672      -8.5380001    
  0.55130929      0.83430088     -1.21133894E-07
  0.83430099     -0.55130941     -2.47399043E-08
 -8.74227766E-08   0.0000000     -1.00000000    
           0           2          14           2
  -4.8082623       1.7881672      -2.8460000    
  0.55130929      0.83430088     -1.21133894E-07
  0.83430099     -0.55130941     -2.47399043E-08
 -8.74227766E-08   0.0000000     -1.00000000    
           0           2          14           3
  -4.8082619       1.7881672       2.8460000    
  0.55130929      0.83430088     -1.21133894E-07
  0.83430099     -0.55130941     -2.47399043E-08
 -8.74227766E-08   0.0000000     -1.00000000    
           0           2          14           4
  -4.8082609       1.7881672       8.5380001    
  0.55130929      0.83430088     -1.21133894E-07
  0.83430099     -0.55130941     -2.47399043E-08
 -8.74227766E-08   0.0000000     -1.00000000    
           0           2          15           1
  -5.0939169      0.60740399      -8.5380001    
  0.33967185      0.94054401     -1.11920038E-07
  0.94054395     -0.33967197     -5.25298987E-08
 -8.74227766E-08   0.0000000     -1.00000000    
           0           2          15           2
  -5.0939164      0.60740399      -2.8459997    
  0.33967185      0.94054401     -1.11920038E-07
  0.94054395     -0.33967197     -5.25298987E-08
 -8.74227766E-08   0.0000000     -1.00000000    
           0           2          15           3
  -5.0939159      0.60740399       2.8460002    
  0.33967185      0.94054401     -1.11920038E-07
  0.94054395     -0.33967197     -5.25298987E-08
 -8.74227766E-08   0.0000000     -1.00000000    
           0           2          15           4
  -5.0939155      0.60740399       8.5380001    
  0.33967185      0.94054401     -1.11920038E-07
  0.94054395     -0.33967197     -5.25298987E-08
 -8.74227766E-08   0.0000000     -1.00000000    
           0           2          16           1
  -5.0939150     -0.60742122      -8.5379992    
  0.10898629      0.99404323     -9.64299076E-08
  0.99404323     -0.10898644     -7.73741320E-08
 -8.74227766E-08   0.0000000     -1.00000000    
           0           2          16           2
  -5.0939145     -0.60742122      -2.8459997    
  0.10898629      0.99404323     -9.64299076E-08
  0.99404323     -0.10898644     -7.73741320E-08
 -8.74227766E-08   0.0000000     -1.00000000    
           0           2          16           3
  -5.0939140     -0.60742122       2.8460002    
  0.10898629      0.99404323     -9.64299076E-08
  0.99404323     -0.10898644     -7.73741320E-08
 -8.74227766E-08   0.0000000     -1.00000000    
           0           2          16           4
  -5.0939136     -0.60742122       8.5380011    
  0.10898629      0.99404323     -9.64299076E-08
  0.99404323     -0.10898644     -7.73741320E-08
 -8.74227766E-08   0.0000000     -1.00000000    
           0           2          17           1
  -4.8082566      -1.7881835      -8.5379992    
 -0.12781100      0.99179858     -7.55322063E-08
  0.99179858      0.12781082     -9.78793722E-08
 -8.74227766E-08   0.0000000     -1.00000000    
           0           2          17           2
  -4.8082561      -1.7881835      -2.8459997    
 -0.12781100      0.99179858     -7.55322063E-08
  0.99179858      0.12781082     -9.78793722E-08
 -8.74227766E-08   0.0000000     -1.00000000    
           0           2          17           3
  -4.8082557      -1.7881835       2.8460002    
 -0.12781100      0.99179858     -7.55322063E-08
  0.99179858      0.12781082     -9.78793722E-08
 -8.74227766E-08   0.0000000     -1.00000000    
           0           2          17           4
  -4.8082552      -1.7881835       8.5380011    
 -0.12781100      0.99179858     -7.55322063E-08
  0.99179858      0.12781082     -9.78793722E-08
 -8.74227766E-08   0.0000000     -1.00000000    
           0           2          18           1
  -4.2529602      -2.8686681      -8.5379992    
 -0.35744080      0.93393582     -5.03988034E-08
  0.93393576      0.35744071     -1.12895727E-07
 -8.74227766E-08   0.0000000     -1.00000000    
           0           2          18           2
  -4.2529597      -2.8686681      -2.8459995    
 -0.35744080      0.93393582     -5.03988034E-08
  0.93393576      0.35744071     -1.12895727E-07
 -8.74227766E-08   0.0000000     -1.00000000    
           0           2          18           3
  -4.2529593      -2.8686681       2.8460004    
 -0.35744080      0.93393582     -5.03988034E-08
  0.93393576      0.35744071     -1.12895727E-07
 -8.74227766E-08   0.0000000     -1.00000000    
           0           2          18           4
  -4.2529588      -2.8686681       8.5380011    
 -0.35744080      0.93393582     -5.03988034E-08
  0.93393576      0.35744071     -1.12895727E-07
 -8.74227766E-08   0.0000000     -1.00000000    
           0           2          19           1
  -3.4591670      -3.7882833      -8.5379992    
 -0.56702614      0.82369983     -2.24391314E-08
  0.82369977      0.56702602     -1.21581110E-07
 -8.74227766E-08   0.0000000     -1.00000000    
           0           2          19           2
  -3.4591665      -3.7882833      -2.8459995    
 -0.56702614      0.82369983     -2.24391314E-08
  0.82369977      0.56702602     -1.21581110E-07
 -8.74227766E-08   0.0000000     -1.00000000    
           0           2          19           3
  -3.4591660      -3.7882833       2.8460004    
 -0.56702614      0.82369983     -2.24391314E-08
  0.82369977      0.56702602     -1.21581110E-07
 -8.74227766E-08   0.0000000     -1.00000000    
           0           2          19           4
  -3.4591656      -3.7882833       8.5380011    
 -0.56702614      0.82369983     -2.24391314E-08
  0.82369977      0.56702602     -1.21581110E-07
 -8.74227766E-08   0.0000000     -1.00000000    
           0           2          20           1
  -2.4713905      -4.4954596      -8.5379992    
 -0.74481398      0.66727227      6.77890810E-09
  0.66727233      0.74481386     -1.23448473E-07
 -8.74227766E-08   0.0000000     -1.00000000    
           0           2          20           2
  -2.4713900      -4.4954596      -2.8459995    
 -0.74481398      0.66727227      6.77890810E-09
  0.66727233      0.74481386     -1.23448473E-07
 -8.74227766E-08   0.0000000     -1.00000000    
           0           2          20           3
  -2.4713893      -4.4954596       2.8460004    
 -0.74481398      0.66727227      6.77890810E-09
  0.66727233      0.74481386     -1.23448473E-07
 -8.74227766E-08   0.0000000     -1.00000000    
           0           2          20           4
  -2.4713888      -4.4954596       8.5380011    
 -0.74481398      0.66727227      6.77890810E-09
  0.66727233      0.74481386     -1.23448473E-07
 -8.74227766E-08   0.0000000     -1.00000000    
           0           3           1           1
   5.6300097      -10.330453       12.750800    
 -0.87806648     -0.47853845      1.18598173E-07
 -0.47853863      0.87806654     -3.49278437E-08
 -8.74227766E-08   0.0000000     -1.00000000    
           0           3           1           2
   5.6300092      -10.330453       6.3754005    
 -0.87806648     -0.47853845      1.18598173E-07
 -0.47853863      0.87806654     -3.49278437E-08
 -8.74227766E-08   0.0000000     -1.00000000    
           0           3           1           3
   5.6300082      -10.330453      4.08884716E-07
 -0.87806648     -0.47853845      1.18598173E-07
 -0.47853863      0.87806654     -3.49278437E-08
 -8.74227766E-08   0.0000000     -1.00000000    
           0           3           1           4
   5.6300077      -10.330453      -6.3753996    
 -0.87806648     -0.47853845      1.18598173E-07
 -0.47853863      0.87806654     -3.49278437E-08
 -8.74227766E-08   0.0000000     -1.00000000    
           0           3           1           5
   5.6300073      -10.330453      -12.750800    
 -0.87806648     -0.47853845      1.18598173E-07
 -0.47853863      0.87806654     -3.49278437E-08
 -8.74227766E-08   0.0000000     -1.00000000    
           0           3           2           1
   7.5310426      -7.1142845       12.750800    
 -0.68670678     -0.72693443      1.23584442E-07
 -0.72693437      0.68670702      3.51678864E-09
 -8.74227766E-08   0.0000000     -1.00000000    
           0           3           2           2
   7.5310416      -7.1142845       6.3754001    
 -0.68670678     -0.72693443      1.23584442E-07
 -0.72693437      0.68670702      3.51678864E-09
 -8.74227766E-08   0.0000000     -1.00000000    
           0           3           2           3
   7.5310411      -7.1142845     -3.84753100E-08
 -0.68670678     -0.72693443      1.23584442E-07
 -0.72693437      0.68670702      3.51678864E-09
 -8.74227766E-08   0.0000000     -1.00000000    
           0           3           2           4
   7.5310407      -7.1142845      -6.3754001    
 -0.68670678     -0.72693443      1.23584442E-07
 -0.72693437      0.68670702      3.51678864E-09
 -8.74227766E-08   0.0000000     -1.00000000    
           0           3           2           5
   7.5310402      -7.1142845      -12.750800    
 -0.68670678     -0.72693443      1.23584442E-07
 -0.72693437      0.68670702      3.51678864E-09
 -8.74227766E-08   0.0000000     -1.00000000    
           0           3           3           1
   11.526989      -5.6744790       12.750799    
 -0.44166213     -0.89718139      1.17045424E-07
 -0.89718139      0.44166240      3.98227300E-08
 -8.74227766E-08   0.0000000     -1.00000000    
           0           3           3           2
   11.526988      -5.6744790       6.3753996    
 -0.44166213     -0.89718139      1.17045424E-07
 -0.89718139      0.44166240      3.98227300E-08
 -8.74227766E-08   0.0000000     -1.00000000    
           0           3           3           3
   11.526987      -5.6744790     -5.13683801E-07
 -0.44166213     -0.89718139      1.17045424E-07
 -0.89718139      0.44166240      3.98227300E-08
 -8.74227766E-08   0.0000000     -1.00000000    
           0           3           3           4
   11.526987      -5.6744790      -6.3754005    
 -0.44166213     -0.89718139      1.17045424E-07
 -0.89718139      0.44166240      3.98227300E-08
 -8.74227766E-08   0.0000000     -1.00000000    
           0           3           3           5
   11.526986      -5.6744790      -12.750801    
 -0.44166213     -0.89718139      1.17045424E-07
 -0.89718139      0.44166240      3.98227300E-08
 -8.74227766E-08   0.0000000     -1.00000000    
           0           3           4           1
   11.580877      -2.0732961       12.750799    
 -0.17622556     -0.98434979      1.01460728E-07
 -0.98434979      0.17622574      7.06484542E-08
 -8.74227766E-08   0.0000000     -1.00000000    
           0           3           4           2
   11.580876      -2.0732961       6.3753991    
 -0.17622556     -0.98434979      1.01460728E-07
 -0.98434979      0.17622574      7.06484542E-08
 -8.74227766E-08   0.0000000     -1.00000000    
           0           3           4           3
   11.580876      -2.0732961     -8.33220383E-07
 -0.17622556     -0.98434979      1.01460728E-07
 -0.98434979      0.17622574      7.06484542E-08
 -8.74227766E-08   0.0000000     -1.00000000    
           0           3           4           4
   11.580875      -2.0732961      -6.3754010    
 -0.17622556     -0.98434979      1.01460728E-07
 -0.98434979      0.17622574      7.06484542E-08
 -8.74227766E-08   0.0000000     -1.00000000    
           0           3           4           5
   11.580875      -2.0732961      -12.750801    
 -0.17622556     -0.98434979      1.01460728E-07
 -0.98434979      0.17622574      7.06484542E-08
 -8.74227766E-08   0.0000000     -1.00000000    
           0           3           5           1
   10.261928       1.4221351       12.750799    
  0.13727199     -0.99053341      7.45944888E-08
 -0.99053341     -0.13727181      9.85958621E-08
 -8.74227766E-08   0.0000000     -1.00000000    
           0           3           5           2
   10.261928       1.4221351       6.3753991    
  0.13727199     -0.99053341      7.45944888E-08
 -0.99053341     -0.13727181      9.85958621E-08
 -8.74227766E-08   0.0000000     -1.00000000    
           0           3           5           3
   10.261927       1.4221351     -1.02349452E-06
  0.13727199     -0.99053341      7.45944888E-08
 -0.99053341     -0.13727181      9.85958621E-08
 -8.74227766E-08   0.0000000     -1.00000000    
           0           3           5           4
   10.261926       1.4221351      -6.3754010    
  0.13727199     -0.99053341      7.45944888E-08
 -0.99053341     -0.13727181      9.85958621E-08
 -8.74227766E-08   0.0000000     -1.00000000    
           0           3           5           5
   10.261926       1.4221351      -12.750801    
  0.13727199     -0.99053341      7.45944888E-08
 -0.99053341     -0.13727181      9.85958621E-08
 -8.74227766E-08   0.0000000     -1.00000000    
           0           3           6           1
   11.639501       5.4399600       12.750798    
  0.42340913     -0.90593863      4.21840731E-08
 -0.90593857     -0.42340899      1.16215261E-07
 -8.74227766E-08   0.0000000     -1.00000000    
           0           3           6           2
   11.639500       5.4399600       6.3753986    
  0.42340913     -0.90593863      4.21840731E-08
 -0.90593857     -0.42340899      1.16215261E-07
 -8.74227766E-08   0.0000000     -1.00000000    
           0           3           6           3
   11.639500       5.4399600     -1.49517518E-06
  0.42340913     -0.90593863      4.21840731E-08
 -0.90593857     -0.42340899      1.16215261E-07
 -8.74227766E-08   0.0000000     -1.00000000    
           0           3           6           4
   11.639499       5.4399600      -6.3754015    
  0.42340913     -0.90593863      4.21840731E-08
 -0.90593857     -0.42340899      1.16215261E-07
 -8.74227766E-08   0.0000000     -1.00000000    
           0           3           6           5
   11.639498       5.4399600      -12.750802    
  0.42340913     -0.90593863      4.21840731E-08
 -0.90593857     -0.42340899      1.16215261E-07
 -8.74227766E-08   0.0000000     -1.00000000    
           0           3           7           1
   8.8643246       7.7355676       12.750798    
  0.65750682     -0.75344861      8.38750225E-09
 -0.75344855     -0.65750670      1.23349636E-07
 -8.74227766E-08   0.0000000     -1.00000000    
           0           3           7           2
   8.8643236       7.7355676       6.3753986    
  0.65750682     -0.75344861      8.38750225E-09
 -0.75344855     -0.65750670      1.23349636E-07
 -8.74227766E-08   0.0000000     -1.00000000    
           0           3           7           3
   8.8643236       7.7355676     -1.45324987E-06
  0.65750682     -0.75344861      8.38750225E-09
 -0.75344855     -0.65750670      1.23349636E-07
 -8.74227766E-08   0.0000000     -1.00000000    
           0           3           7           4
   8.8643227       7.7355676      -6.3754015    
  0.65750682     -0.75344861      8.38750225E-09
 -0.75344855     -0.65750670      1.23349636E-07
 -8.74227766E-08   0.0000000     -1.00000000    
           0           3           7           5
   8.8643227       7.7355676      -12.750802    
  0.65750682     -0.75344861      8.38750225E-09
 -0.75344855     -0.65750670      1.23349636E-07
 -8.74227766E-08   0.0000000     -1.00000000    
           0           3           8           1
   5.3125286       8.8941927       12.750799    
  0.85851270     -0.51279235     -3.02238234E-08
 -0.51279235     -0.85851264      1.19883282E-07
 -8.74227766E-08   0.0000000     -1.00000000    
           0           3           8           2
   5.3125281       8.8941927       6.3753986    
  0.85851270     -0.51279235     -3.02238234E-08
 -0.51279235     -0.85851264      1.19883282E-07
 -8.74227766E-08   0.0000000     -1.00000000    
           0           3           8           3
   5.3125277       8.8941927     -1.24403232E-06
  0.85851270     -0.51279235     -3.02238234E-08
